8383838383838383
8484848484848484
8484848484848484
8585858585858585
8787878787878787
8787878787878787
8888888888888888
8989898989898989
8383838383838383
8383838383838383
8484848484848484
8484848484848484
8686868686868686
8787878787878787
8787878787878787
8888888888888888
8282828282828282
8383838383838383
8484848484848484
8484848484848484
8686868686868686
8787878787878787
8787878787878787
8888888888888888
8383838383838383
8484848484848484
8585858585858585
8585858585858585
8787878787878787
8787878787878787
8888888888888888
8989898989898989
8384848587878889
8384848587878889
8384848587878889
8384848587878889
8384848587878889
8384848587878889
8384848587878889
8384848587878889