0909090909090909
0808080808080808
0707070707070707
0606060606060606
0505050505050505
0404040404040404
0303030303030303
0202020202020202
0a0a0a0a0a0a0a0a
0909090909090909
0808080808080808
0707070707070707
0606060606060606
0505050505050505
0404040404040404
0303030303030303
0a0a0a0a0a0a0a0a
0909090909090909
0808080808080808
0707070707070707
0606060606060606
0505050505050505
0404040404040404
0303030303030303
0a0a0a0a0a0a0a0a
0909090909090909
0808080808080808
0707070707070707
0606060606060606
0505050505050505
0404040404040404
0303030303030303
0a09080706050403
0a09080706050403
0a09080706050403
0a09080706050403
0a09080706050403
0a09080706050403
0a09080706050403
0a09080706050403